####################Test 1####################
Input
70.46 -40.55
45
800 200
3
44.55 -50.23
59.11 45.12
55.44 -40.1
Output
55.44 -40.1

####################Test 2####################
Input
23 -41
77
533 77
3
78 78
-31 91
2 -58
Output
2 -58

####################Test 3####################
Input
-92 -52
122
661.0 54
3
43 38
10 -38
75 -43
Output
Критическая ситуация

####################Test 4####################
Input
-86 51
24
658.0 19
3
...
85 55
-42 -15
Output
Критическая ситуация

####################Test 5####################
Input
94 81
300
716.0 176
3
9 13
57 38
-67 31
Output
57 38